swiss-78.txt: 206.9 (298 pairings)
Spelare elo   totalgap antal medelgap
      1 2416       2438     8    304.8
      2 2413       3187     8    398.4
      3 2366       2039     8    254.9
      4 2335       3403     8    425.4
      5 2272       2661     8    332.6
      6 2235       1709     8    213.6
      7 2213       1884     8    235.5
      8 2141       1288     8    161.0
      9 2113       1588     8    198.5
     10 2109       2103     8    262.9
     11 2108       1565     8    195.6
     12 2093       1661     8    207.6
     13 2076       1249     8    156.1
     14 2065       1844     8    230.5
     15 2048       1368     8    171.0
     16 2046       2079     8    259.9
     17 2039       1533     8    191.6
     18 2035       2046     8    255.8
     19 2031       1831     8    228.9
     20 2022       1316     8    164.5
     21 2001       1545     8    193.1
     22 1985       1600     7    228.6
     23 1977       1830     8    228.8
     24 1954       1575     8    196.9
     25 1944       1663     8    207.9
     26 1936       1360     8    170.0
     27 1923       1141     7    163.0
     28 1907       1600     8    200.0
     29 1897       1177     8    147.1
     30 1896       1001     7    143.0
     31 1893       1701     8    212.6
     32 1889       1262     8    157.8
     33 1886       1374     8    171.8
     34 1885       1653     8    206.6
     35 1880       1719     8    214.9
     36 1878       1209     7    172.7
     37 1871       1571     8    196.4
     38 1852       1249     6    208.2
     39 1848       1059     7    151.3
     40 1846       1276     7    182.3
     41 1835       1330     7    190.0
     42 1833       1267     7    181.0
     43 1828       1885     8    235.6
     44 1827       1533     8    191.6
     45 1818       1938     8    242.2
     46 1803       1341     7    191.6
     47 1800       1213     8    151.6
     48 1796        995     7    142.1
     49 1794       1141     7    163.0
     50 1793       1926     8    240.8
     51 1787       1492     7    213.1
     52 1783       1393     8    174.1
     53 1778       1542     8    192.8
     54 1768       1311     8    163.9
     55 1763       1445     7    206.4
     56 1761       1309     7    187.0
     57 1748       1453     7    207.6
     58 1734       1070     7    152.9
     59 1733       1713     9    190.3
     60 1728       1793     7    256.1
     61 1726       1025     8    128.1
     62 1721       1225     7    175.0
     63 1709        788     7    112.6
     64 1695       1039     7    148.4
     65 1691       2027     8    253.4
     66 1688       1384     8    173.0
     67 1680       1155     7    165.0
     68 1671       2220     8    277.5
     69 1650        893     6    148.8
     70 1641       1828     8    228.5
     71 1624       1422     8    177.8
     72 1622       1768     8    221.0
     73 1579       1488     8    186.0
     74 1575       1146     7    163.7
     75 1524       1238     7    176.9
     76 1480       2327     8    290.9
     77 1417       1937     7    276.7
     78 1406       1963     7    280.4

fairpair-78.txt: 44.8 (312 pairings)
Spelare elo   totalgap antal medelgap
      1 2416       1240     8    155.0
      2 2413       1219     8    152.4
      3 2366        988     8    123.5
      4 2335        911     8    113.9
      5 2272        876     8    109.5
      6 2235        977     8    122.1
      7 2213        936     8    117.0
      8 2141       1295     8    161.9
      9 2113        782     8     97.8
     10 2109        457     8     57.1
     11 2108        323     8     40.4
     12 2093        467     8     58.4
     13 2076        233     8     29.1
     14 2065        419     8     52.4
     15 2048        252     8     31.5
     16 2046        170     8     21.2
     17 2039        207     8     25.9
     18 2035        204     8     25.5
     19 2031        211     8     26.4
     20 2022        192     8     24.0
     21 2001        444     8     55.5
     22 1985        278     8     34.8
     23 1977        282     8     35.2
     24 1954        264     8     33.0
     25 1944        253     8     31.6
     26 1936        237     8     29.6
     27 1923        225     8     28.1
     28 1907        186     8     23.2
     29 1897        157     8     19.6
     30 1896        147     8     18.4
     31 1893         68     8      8.5
     32 1889        108     8     13.5
     33 1886         87     8     10.9
     34 1885         73     8      9.1
     35 1880        104     8     13.0
     36 1878        138     8     17.2
     37 1871        130     8     16.2
     38 1852        143     8     17.9
     39 1848        139     8     17.4
     40 1846        122     8     15.2
     41 1835        118     8     14.8
     42 1833        108     8     13.5
     43 1828        110     8     13.8
     44 1827        127     8     15.9
     45 1818        134     8     16.8
     46 1803        109     8     13.6
     47 1800        111     8     13.9
     48 1796         78     8      9.8
     49 1794         85     8     10.6
     50 1793         77     8      9.6
     51 1787         83     8     10.4
     52 1783        100     8     12.5
     53 1778        105     8     13.1
     54 1768        136     8     17.0
     55 1763        152     8     19.0
     56 1761        150     8     18.8
     57 1748        147     8     18.4
     58 1733        132     8     16.5
     59 1733        121     8     15.1
     60 1728        164     8     20.5
     61 1726        126     8     15.8
     62 1721        134     8     16.8
     63 1709        173     8     21.6
     64 1695        404     8     50.5
     65 1691        182     8     22.8
     66 1688        233     8     29.1
     67 1680        242     8     30.2
     68 1671        288     8     36.0
     69 1650        443     8     55.4
     70 1641        581     8     72.6
     71 1624        791     8     98.9
     72 1622        819     8    102.4
     73 1579        682     8     85.2
     74 1575        669     8     83.6
     75 1524        690     8     86.2
     76 1480        876     8    109.5
     77 1417       1146     8    143.2
     78 1406       1214     8    151.8

berger groups (8 groups of 9): 39.4 (288 pairings)
Spelare elo   totalgap antal medelgap
      1 2416       1240     8    155.0
      2 2413       1219     8    152.4
      3 2366        984     8    123.0
      4 2335        891     8    111.4
      5 2272        828     8    103.5
      6 2235        865     8    108.1
      7 2213        931     8    116.4
      8 2141       1291     8    161.4
      9 2113       1487     8    185.9
     10 2109        362     8     45.2
     11 2108        355     8     44.4
     12 2093        280     8     35.0
     13 2076        229     8     28.6
     14 2065        218     8     27.2
     15 2048        235     8     29.4
     16 2046        241     8     30.1
     17 2039        276     8     34.5
     18 2035        304     8     38.0
     19 2031        506     8     63.2
     20 2022        443     8     55.4
     21 2001        338     8     42.2
     22 1985        290     8     36.2
     23 1977        282     8     35.2
     24 1954        305     8     38.1
     25 1944        335     8     41.9
     26 1936        375     8     46.9
     27 1923        466     8     58.2
     28 1907        152     8     19.0
     29 1897         82     8     10.2
     30 1896         77     8      9.6
     31 1893         68     8      8.5
     32 1889         64     8      8.0
     33 1886         67     8      8.4
     34 1885         70     8      8.8
     35 1880         95     8     11.9
     36 1878        109     8     13.6
     37 1871        281     8     35.1
     38 1852        148     8     18.5
     39 1848        128     8     16.0
     40 1846        122     8     15.2
     41 1835        111     8     13.9
     42 1833        113     8     14.1
     43 1828        128     8     16.0
     44 1827        133     8     16.6
     45 1818        196     8     24.5
     46 1803        125     8     15.6
     47 1800        104     8     13.0
     48 1796         84     8     10.5
     49 1794         78     8      9.8
     50 1793         77     8      9.6
     51 1787         83     8     10.4
     52 1783         95     8     11.9
     53 1778        120     8     15.0
     54 1768        190     8     23.8
     55 1763        244     8     30.5
     56 1761        230     8     28.8
     57 1748        165     8     20.6
     58 1734        123     8     15.4
     59 1733        122     8     15.2
     60 1728        127     8     15.9
     61 1726        133     8     16.6
     62 1721        158     8     19.8
     63 1709        242     8     30.2
     64 1695        293     8     36.6
     65 1691        265     8     33.1
     66 1688        250     8     31.2
     67 1680        226     8     28.2
     68 1671        217     8     27.1
     69 1650        238     8     29.8
     70 1641        265     8     33.1
     71 1624        350     8     43.8
     72 1622        364     8     45.5
